proxy <- list(RIADES = list(url = "163.104.40.34", port = "3128"))
